+38.224181 -085.600260
+31.694842 -106.299987
+37.516644 -122.293390
+40.835677 -083.102857
+40.967155 -081.021052
+37.789927 -122.243979
+33.429850 -084.874406
+40.195018 -123.786863
+41.059414 -115.529596
+29.642100 -090.852551
+38.068036 -122.740988
+39.840810 -085.010442
+33.278205 -084.288803
+41.291736 -096.171104
+38.306265 -087.514796
+43.448530 -071.915826
+33.786594 -118.298662
+41.756694 -069.984123
+39.626630 -090.466389
+40.899599 -073.780976
+28.602327 -081.358740
+21.176357 -157.257157
+33.023042 -117.274469
+36.068495 -096.595845
+30.925692 -097.570057
+48.887781 -118.210467
+45.527310 -107.696300
+41.319061 -093.672017
+35.472855 -081.106202
+41.587540 -084.738401
+36.750783 -100.478393
+40.227938 -085.396685
+38.232406 -081.502399
+33.555291 -117.833298
+39.206518 -106.868877
+27.331628 -082.528488
+41.977039 -077.245310
+37.360193 -088.488571
+35.337173 -115.628153
+33.786594 -118.298662
+36.166822 -079.948214
+46.376798 -123.995591
+40.303771 -079.653058
+38.893311 -077.014647
+33.278205 -084.288803
+32.293384 -095.742334
+35.252532 -101.939874
+41.241120 -080.886138
+35.520244 -084.825054
+37.764889 -094.453255
+38.040101 -078.485066
+38.348100 -083.718626
+30.827965 -083.252192
+37.534099 -088.971292
+43.592239 -071.517479
+41.344076 -072.444369
+40.487603 -086.763111
+47.065531 -109.430106
+41.284746 -072.796292
+38.881471 -087.195940
+35.498797 -082.708024
+44.416326 -088.464873
+47.138271 -122.096799
+41.816936 -111.998197
+41.365709 -072.927507
+43.524904 -075.142771
+32.145564 -087.354953
+42.309805 -073.565617
+32.355774 -092.996065
+44.991316 -092.948738
+37.735088 -122.243067
+40.897645 -075.997791
+37.189396 -121.705327
+35.101062 -084.689716
+39.035038 -094.356728
+40.922326 -072.637078
+40.960075 -098.902302
+41.820346 -075.804630
+45.005902 -093.105869
+38.296818 -081.554655
+37.297919 -079.987760
+39.646371 -084.171733
+33.786594 -118.298662
+40.434436 -080.024817
+37.213607 -119.247413
+33.796234 -087.316923
+41.839785 -085.365433
+40.696545 -081.831036
+35.327428 -089.619816
+27.891809 -082.724763
+44.056047 -094.069828
+40.224245 -075.291560
+42.338947 -070.919635
+37.112633 -086.994053
+39.972985 -076.687826
+42.854631 -075.660462
+33.765457 -084.646946
+40.456030 -096.513526
+26.098629 -097.506900
+39.141097 -097.650674
+42.087347 -091.987332
+42.284057 -090.595351
+32.254152 -084.489818
+48.566602 -110.110287
+37.648541 -080.877395
+44.901999 -088.125829
+41.202325 -079.453751
+44.632657 -068.849975
+36.746375 -119.639658
+34.044944 -096.321428
+43.637836 -096.816129
+33.894135 -097.247886
+37.879195 -090.487988
+39.250015 -088.862961
+35.912072 -086.765537
+42.264629 -071.795442
+43.952586 -072.311252
+38.246348 -075.301838
+27.916038 -082.734299
+41.504089 -071.662954
+42.720409 -091.490023
+42.353739 -085.346599
+40.434436 -080.024817
+29.101476 -082.044371
+42.989151 -071.343576
+31.970131 -111.890713
+40.533726 -105.034077
+48.358371 -096.378062
+31.717717 -082.299677
+41.171150 -087.331323
+25.558428 -080.458168
+42.446396 -071.459405
+45.539090 -122.599751
+36.746375 -119.639658
+31.880055 -106.599975
+37.688244 -121.898741
+41.010433 -097.425506
+38.831813 -077.288755
+38.148315 -092.101525
+40.922326 -072.637078
+33.786594 -118.298662
+37.242121 -119.859865
+36.142369 -115.224185
+37.269417 -088.329698
+41.969730 -074.066780
+41.645699 -083.620233
+40.069946 -111.649086
+33.212186 -111.686171
+37.692401 -113.627239
+32.233377 -086.208528
+40.645099 -073.945032
+38.346417 -095.139231
+35.308726 -081.661675
+37.102880 -084.544294
+43.591324 -072.349030
+37.774074 -097.212044
+38.413384 -082.277401
+46.410236 -120.233518
+40.010896 -080.899286
+39.072670 -090.254596
+27.382196 -080.409024
+43.139920 -092.424719
+35.456111 -089.339146
+36.879484 -083.304537
+35.435922 -081.338480
+33.766720 -096.546662
+39.078840 -086.592389
+32.845368 -090.241776
+40.434436 -080.024817
+34.839964 -115.967051
+42.325364 -089.170527
+42.796578 -077.063876
+33.717607 -103.145119
+18.316976 -066.415207
+35.407562 -088.642991
+42.839951 -083.038836
+32.941139 -097.353767
+33.756024 -118.201101
+37.665689 -090.898189
+43.341035 -098.398964
+42.103520 -091.240145
+38.441473 -111.595751
+43.222648 -112.442253
+40.533538 -087.259375
+47.662641 -092.228145
+33.786594 -118.298662
+42.315140 -079.388330
+31.960687 -088.716818
+42.826333 -084.020577
+38.408032 -085.267223
+42.506468 -083.348394
+42.088115 -104.354049
+43.310858 -071.842299
+40.258361 -074.196780
+40.618002 -081.449534
+40.314449 -081.070506
+45.703481 -096.633211
+32.717120 -117.118604
+39.217530 -106.358330
+36.546639 -098.271091
